57 315 464 48 114 276 531 333 321 809 941 586 91 622 36 405 184 35 863 945 
536 782 853 697 497 370 782 982 199 408 632 267 259 235 437 158 568 184 642 354 
553 805 707 467 782 9 142 10 897 437 341 842 572 42 320 282 302 483 794 44 
358 459 946 341 350 762 310 333 683 772 811 321 676 339 328 712 138 542 563 947 
311 490 988 321 818 280 649 185 513 367 353 105 440 660 197 366 537 926 716 405 
388 679 990 642 730 16 780 815 164 692 77 80 954 497 548 196 16 530 864 222 
339 752 236 260 813 561 616 72 205 306 119 174 707 865 812 773 162 686 638 241 
127 92 907 928 529 538 668 788 633 55 973 328 700 141 49 343 870 645 419 233 
610 19 280 247 847 827 659 129 293 44 312 958 545 605 493 596 380 541 62 153 
691 975 433 793 619 654 1 688 795 853 270 282 415 499 861 129 577 148 60 408 
618 795 273 670 730 487 492 76 261 211 273 850 703 411 450 559 528 884 901 904 
27 523 818 771 460 257 56 668 224 645 832 728 274 258 361 352 251 922 6 944 
793 563 677 177 508 106 610 387 269 38 315 31 31 686 389 604 690 813 423 608 
837 292 701 562 37 993 248 414 4 23 356 432 11 694 482 396 898 36 551 693 
551 100 253 917 62 70 296 37 225 304 588 501 256 531 613 734 90 176 438 70 
836 597 846 124 121 707 264 812 763 34 59 477 33 135 482 841 865 796 68 749 
824 104 773 634 344 426 726 188 257 224 268 737 156 380 461 723 203 554 896 161 
941 699 132 395 472 750 137 125 512 679 143 702 888 440 804 497 990 735 418 523 
771 936 136 334 627 269 399 286 210 963 848 755 368 255 292 454 807 561 420 287 
26 999 250 814 224 309 800 384 873 452 280 156 504 817 811 287 474 623 78 757 
574 207 961 801 701 855 202 247 844 336 666 888 759 661 262 53 49 793 249 256 
162 424 352 391 503 289 662 986 640 962 896 432 294 173 604 317 388 114 742 790 
335 548 971 688 321 800 34 45 218 283 703 112 816 732 121 652 153 714 583 96 
398 967 167 494 547 989 511 53 900 40 312 683 138 284 103 950 109 176 405 765 
228 180 850 226 588 847 829 483 550 372 607 481 508 781 722 481 916 864 252 962 
733 105 224 877 514 409 822 444 14 14 897 540 983 731 138 532 949 473 395 779 
660 245 831 277 521 708 536 511 394 549 993 803 409 174 238 750 137 634 560 672 
713 465 245 123 26 960 151 8 700 170 187 94 94 935 718 124 477 981 107 897 
76 876 968 2 469 342 634 724 87 911 277 875 913 377 401 546 310 739 305 132 
897 731 94 26 866 586 259 397 745 527 610 767 3 454 8 789 716 562 68 648 
316 808 69 797 340 223 301 801 426 181 80 352 851 875 146 600 169 884 816 674 
181 434 437 601 87 970 8 365 740 553 252 186 950 902 793 149 514 473 793 159 
375 13 325 854 435 483 128 960 530 831 116 801 897 254 196 302 647 888 234 434 
157 123 42 658 992 848 975 685 677 226 477 86 564 739 950 324 240 361 504 65 
422 970 647 666 331 164 711 359 411 753 13 900 840 848 511 503 848 846 672 587 
626 39 401 628 506 408 468 956 187 783 491 533 724 158 569 55 414 571 486 612 
981 651 41 939 221 161 249 746 103 409 309 312 955 866 293 418 424 915 688 676 
683 413 215 866 421 562 802 327 96 276 777 789 130 985 774 766 219 957 226 68 
676 360 372 588 744 890 169 280 880 628 552 380 929 377 326 385 672 894 402 41 
354 773 521 506 277 928 340 727 547 828 160 731 968 299 183 575 865 455 421 85 
607 836 70 6 149 429 614 298 814 946 257 494 955 25 404 427 476 274 163 276 
404 759 525 119 946 907 429 472 213 530 962 363 519 762 849 153 54 553 393 932 
751 751 551 254 155 845 259 407 191 286 267 302 87 197 167 506 523 407 861 449 
940 618 614 992 632 782 792 764 452 891 885 737 634 724 836 625 772 283 439 655 
759 612 973 660 75 982 456 514 18 103 65 176 991 543 723 973 137 281 941 448 
336 285 68 279 416 289 265 878 644 546 742 195 228 141 735 16 945 186 975 656 
856 540 224 294 566 898 543 194 99 186 399 317 794 734 365 247 296 183 284 791 
331 306 650 707 213 608 306 464 529 738 220 28 405 413 586 714 656 898 316 359 
526 505 102 523 633 399 648 913 43 453 710 410 722 860 394 758 43 61 575 141 
146 334 439 614 904 122 999 854 278 223 728 363 761 790 818 649 758 439 237 973 
