591
136
412
424
773
601
353
970
185
574
561
633
482
256
992
609
196
1
828
564
736
840
242
459
51
670
194
756
981
111
624
706
748
338
170
564
532
358
546
925
473
44
645
355
146
424
884
264
580
681
661
484
864
994
795
222
840
596
565
358
435
575
379
513
983
334
254
238
551
480
966
57
994
861
338
810
926
520
543
557
804
964
118
825
839
812
990
316
400
300
134
344
576
779
133
467
469
667
821
335
744
679
754
232
944
64
934
92
984
349
790
641
538
988
84
698
758
698
976
667
215
516
37
410
268
44
47
512
724
542
148
206
911
453
115
339
459
411
775
312
217
399
267
673
220
28
325
394
736
356
428
343
180
31
784
46
178
802
636
622
629
609
17
118
781
115
208
567
572
132
998
569
11
978
291
367
524
153
322
272
774
397
255
934
240
851
838
837
212
253
261
583
288
208
936
693
826
643
156
426
679
708
765
787
534
12
306
576
420
781
333
956
790
913
121
192
837
802
938
684
223
322
313
770
748
181
99
810
792
411
55
932
995
580
420
128
574
983
997
25
292
306
645
561
113
639
561
548
450
595
531
870
719
277
788
352
913
664
260
784
185
23
908
309
468
324
697
186
146
430
527
678
348
98
325
92
165
615
987
591
564
406
157
631
683
356
805
243
897
461
461
208
734
948
782
671
549
581
757
332
606
983
907
808
664
623
414
603
512
194
647
753
908
412
966
871
825
12
279
521
700
70
547
202
936
166
638
794
65
330
273
82
849
957
149
593
382
426
162
209
996
949
886
708
124
522
400
233
948
934
662
303
680
124
973
192
640
866
86
785
430
590
575
431
991
675
288
835
911
547
664
692
769
312
897
843
976
890
121
717
992
677
654
857
74
527
239
896
259
811
19
953
327
895
228
837
214
31
143
28
630
35
823
622
543
411
142
380
560
468
559
142
505
263
689
224
584
267
102
679
141
784
483
526
169
958
692
645
496
460
275
705
228
148
362
45
424
531
84
349
536
96
397
802
156
94
643
740
89
247
709
176
216
761
168
747
583
316
13
984
464
367
612
446
789
631
773
634
136
235
488
521
456
910
399
449
767
456
590
966
413
363
113
615
940
712
354
959
810
797
436
643
55
910
92
928
920
759
440
552
8
899
998
194
910
155
171
537
779
846
235
271
903
84
817
167
687
112
405
62
145
743
85
890
816
673
497
535
15
882
928
828
844
914
570
924
51
697
255
327
913
792
997
899
728
660
979
757
943
694
169
807
280
372
915
537
932
906
631
19
311
335
419
449
843
75
752
858
177
121
985
441
641
428
140
589
193
787
846
996
863
479
424
772
697
366
348
823
747
827
144
75
144
282
946
505
674
831
709
629
125
331
564
181
701
671
52
692
615
294
115
314
784
57
225
976
140
138
177
151
103
884
498
564
900
269
372
910
854
412
333
965
470
825
416
563
955
18
314
684
881
777
324
287
695
928
311
512
776
412
905
938
936
754
718
530
121
297
232
392
286
540
208
90
74
489
37
337
705
738
631
810
86
670
5
840
967
205
542
819
71
761
739
545
981
482
186
448
781
19
566
224
571
198
909
347
667
653
37
822
239
435
417
985
272
962
502
608
276
121
102
578
117
889
41
921
650
150
551
343
738
902
331
485
429
79
103
83
708
409
919
809
729
191
976
59
544
370
394
559
215
157
127
465
955
729
933
716
268
485
964
622
936
819
644
996
480
740
332
299
304
796
874
812
769
946
574
748
105
702
227
142
71
235
850
704
252
443
667
357
47
612
75
8
439
113
280
521
434
242
327
330
707
209
500
681
916
866
664
142
828
130
539
560
86
927
300
314
28
496
140
868
414
173
860
507
303
137
922
254
66
991
430
534
184
667
421
484
787
848
848
345
628
897
557
976
22
94
829
105
792
544
471
807
841
416
907
440
361
174
683
908
959
596
896
363
50
865
66
130
801
282
682
437
464
285
153
465
566
432
994
573
149
267
661
811
456
792
309
590
335
70
496
109
971
393
532
42
741
539
510
776
844
349
171
926
492
277
333
425
5
546
271
930
721
660
692
122
883
379
671
37
529
480
628
486
208
827
6
947
256
99
230
386
944
172
599
466
870
158
582
441
406
281
447
116
429
522
898
880
181
690
169
182
275
757
314
494
904
123
547
845
646
152
313
554
85
948
38
125
14
526
966
531
822
460
830
168
42
495
149
68
536
16
917
237
64
153
127
137
677
687
300
16
197
996
274
892
347
11
474
134
984
415
951
97
201
137
140
618
